[Skinchanger]
autoupdate = True

[Skins]
ak47 = 602
m4a4 = 8
m4a1s = 0
galiar = 0
famas = 0
awp = 51
ssg08 = 0
usp = 51
glock = 38
deagle = 51
p250 = 0
fiveseven = 0
tec9 = 0
revolver = 0

[Float]
ak47 = 0.000001
m4a4 = 0.000001
m4a1s = 0.000001
galiar = 0.001
famas = 0.001
awp = 0.000001
ssg08 = 0.001
usp = 0.000001
glock = 0.000001
deagle = 0.000001
p250 = 0.001
fiveseven = 0.001
tec9 = 0.001
revolver = 0.001

[Seed]
ak47 = 0
m4a4 = 168
m4a1s = 0
galiar = 0
famas = 0
awp = 0
ssg08 = 0
usp = 0
glock = 0
deagle = 0
p250 = 0
fiveseven = 0
tec9 = 0
revolver = 0

[Stattrak]
ak47 = False
m4a4 = False
m4a1s = False
galiar = False
famas = False
awp = False
ssg08 = False
usp = False
glock = False
deagle = False
p250 = False
fiveseven = False
tec9 = False
revolver = False

[StattrakValue]
ak47 = 1
m4a4 = 0
m4a1s = 0
galiar = 0
famas = 0
awp = 0
ssg08 = 0
usp = 0
glock = 0
deagle = 0
p250 = 0
fiveseven = 0
tec9 = 0
revolver = 0

